0.577000000000000	0.580000000000000	1
0.288000000000000	0.503000000000000	-1
0.267000000000000	0.879000000000000	1
0.890000000000000	0.393000000000000	1
0.366000000000000	0.243000000000000	-1
0.150000000000000	0.282000000000000	-1
0.946000000000000	0.905000000000000	1
0.651000000000000	0.703000000000000	1
0.982000000000000	0.853000000000000	1
0.194000000000000	0.379000000000000	-1
0.829000000000000	0.633000000000000	1
0.494000000000000	0.0320000000000000	-1
0.591000000000000	0.920000000000000	1
0.0450000000000000	0.470000000000000	-1
0.634000000000000	0.766000000000000	1
0.498000000000000	0.336000000000000	-1
0.0600000000000000	0.626000000000000	-1
0.515000000000000	0.327000000000000	-1
0.0530000000000000	0.311000000000000	-1
0.844000000000000	0.646000000000000	1
0.691000000000000	0.103000000000000	-1
0.647000000000000	0.236000000000000	-1
0.623000000000000	0.972000000000000	1
0.954000000000000	0.699000000000000	1
0.177000000000000	0.659000000000000	-1
0.475000000000000	0.326000000000000	-1
0.842000000000000	0.0200000000000000	-1
0.762000000000000	0.0360000000000000	-1
0.180000000000000	0.265000000000000	-1
0.692000000000000	0.191000000000000	-1
0.914000000000000	0.449000000000000	1
0.0420000000000000	0.315000000000000	-1
0.226000000000000	0.292000000000000	-1
0.666000000000000	0.0780000000000000	-1
0.0270000000000000	0.0890000000000000	-1
0.905000000000000	0.918000000000000	1
0.691000000000000	0.832000000000000	1
0.0170000000000000	0.347000000000000	-1
0.512000000000000	0.780000000000000	1
0.953000000000000	0.377000000000000	1
0.751000000000000	0.394000000000000	1
0.334000000000000	0.428000000000000	-1
0.416000000000000	0.219000000000000	-1
0.616000000000000	0.565000000000000	1
0.151000000000000	0.0490000000000000	-1
0.838000000000000	0.872000000000000	1
0.726000000000000	0.860000000000000	1
0.109000000000000	0.338000000000000	-1
0.161000000000000	0.974000000000000	1
0.297000000000000	0.955000000000000	1
0.424000000000000	0.989000000000000	1
0.528000000000000	0.158000000000000	-1
0.275000000000000	0.00300000000000000 -1
0.793000000000000	0.346000000000000	1
0.274000000000000	0.233000000000000	-1
0.616000000000000	0.756000000000000	1
0.102000000000000	0.226000000000000	-1
0.670000000000000	0.448000000000000	1
0.347000000000000	0.259000000000000	-1
0.295000000000000	0.903000000000000	1
0.680000000000000	0.0130000000000000	-1
0.394000000000000	0.132000000000000	-1
0.392000000000000	0.388000000000000	-1
0.819000000000000	0.935000000000000	1
0.926000000000000	0.970000000000000	1
0.514000000000000	0.375000000000000	-1
0.193000000000000	0.985000000000000	1
0.603000000000000	0.122000000000000	-1
0.853000000000000	0.621000000000000	1
0.926000000000000	0.220000000000000	1
0.373000000000000	0.144000000000000	-1
0.698000000000000	0.635000000000000	1
0.589000000000000	0.802000000000000	1
0.101000000000000	0.670000000000000	-1
0.412000000000000	0.472000000000000	-1
0.925000000000000	0.944000000000000	1
0.0560000000000000	0.591000000000000	-1
0.384000000000000	0.227000000000000	-1
0.228000000000000	0.321000000000000	-1
0.357000000000000	0.749000000000000	1
0.924000000000000	0.998000000000000	1
0.502000000000000	0.270000000000000	-1
0.803000000000000	0.932000000000000	1
0.459000000000000	0.0950000000000000	-1
0.951000000000000	0.246000000000000	1
0.0700000000000000	0.480000000000000	-1
0.706000000000000	0.883000000000000	1
0.932000000000000	0.779000000000000	1
0.109000000000000	0.0180000000000000	-1
0.652000000000000	0.771000000000000	1
0.146000000000000	0.686000000000000	-1
0.694000000000000	0.868000000000000	1
0.626000000000000	0.581000000000000	1
0.0440000000000000	0.626000000000000	-1
0.986000000000000	0.214000000000000	1
0.437000000000000	0.0360000000000000	-1
0.345000000000000	0.445000000000000	-1
0.0490000000000000	0.327000000000000	-1
0.225000000000000	0.287000000000000	-1
0.601000000000000	0.182000000000000	-1
0.253000000000000	0.934000000000000	1
0.654000000000000	0.940000000000000	1
0.0600000000000000	0.591000000000000	-1
0.651000000000000	0.0740000000000000	-1
0.504000000000000	0.996000000000000	1
0.531000000000000	0.314000000000000	-1
0.379000000000000	0.809000000000000	1
0.769000000000000	0.461000000000000	1
0.283000000000000	0.587000000000000	-1
0.649000000000000	0.478000000000000	1
0.922000000000000	0.552000000000000	1
0.331000000000000	0.175000000000000	-1
0.813000000000000	0.587000000000000	1
0.124000000000000	0.445000000000000	-1
0.157000000000000	0.538000000000000	-1
0.415000000000000	0.462000000000000	-1
0.687000000000000	0.834000000000000	1
0.658000000000000	0.996000000000000	1
0.680000000000000	0.972000000000000	1
0.0090000000000000 0.746000000000000	-1
0.129000000000000	0.200000000000000	-1
0.764000000000000	0.0360000000000000	-1
0.747000000000000	0.578000000000000	1
0.945000000000000	0.628000000000000	1
0.920000000000000	0.365000000000000	1
0.223000000000000	0.637000000000000	-1
0.510000000000000	0.891000000000000	1
0.522000000000000	0.286000000000000	-1
0.617000000000000	0.125000000000000	-1
0.731000000000000	0.821000000000000	1
0.0630000000000000	0.300000000000000	-1
0.493000000000000	0.788000000000000	1
0.230000000000000	0.437000000000000	-1
0.337000000000000	0.551000000000000	-1
0.552000000000000	0.986000000000000	1
0.744000000000000	0.690000000000000	1
0.412000000000000	0.970000000000000	1
0.508000000000000	0.0960000000000000	-1
0.215000000000000	0.0580000000000000	-1
0.293000000000000	0.123000000000000	-1
0.240000000000000	0.370000000000000	-1
0.263000000000000	0.320000000000000	-1
0.892000000000000	0.796000000000000	1
0.586000000000000	0.302000000000000	-1
0.939000000000000	0.607000000000000	1
0.251000000000000	0.293000000000000	-1
0.546000000000000	0.571000000000000	1
0.443000000000000	0.0710000000000000	-1
0.567000000000000	0.202000000000000	-1
0.206000000000000	0.492000000000000	-1
0.944000000000000	0.729000000000000	1
0.513000000000000	0.955000000000000	1
0.229000000000000	0.0800000000000000	-1
0.953000000000000	0.938000000000000	1
0.689000000000000	0.974000000000000	1
0.708000000000000	0.607000000000000	1